

        役名         | take1| take2| take3| take4| take5|  合計  
---------------------+------+------+------+------+------+------
ノーペア             |   219|   213|   197|   202|   345|  1176
ワンペア             |   611|   614|   608|   598|   529|  2960
ツーペア             |    79|    80|   101|    96|    66|   422
スリーカード         |    68|    75|    73|    79|    45|   340
ストレート           |     4|     0|     0|     2|     4|    10
フラッシュ           |     2|     1|     0|     1|     3|     7
フルハウス           |    14|    15|    18|    20|     7|    74
フォーカード         |     3|     2|     3|     2|     1|    11
ストレートフラッシュ |     0|     0|     0|     0|     0|     0
ロイヤルストレート   |     0|     0|     0|     0|     0|     0
---------------------+------+------+------+------+------+------
単純素点             |  1.91|  1.77|  1.87|  1.96|  1.40|
傾斜得点             |  2.86|  2.65|  1.87|  3.92|  2.79| 14.09

平均得点 :  14.090500
