

        役名         | take1| take2| take3| take4| take5|  合計  
---------------------+------+------+------+------+------+------
ノーペア             | 12251| 12264| 12295| 12224| 12002| 61036
ワンペア             | 32968| 32799| 32943| 32751| 33588|165049
ツーペア             |  2848|  2934|  2747|  2936|  2831| 14296
スリーカード         |  1393|  1474|  1466|  1484|  1131|  6948
ストレート           |    88|    86|    82|    80|    94|   430
フラッシュ           |    46|    43|    35|    53|    48|   225
フルハウス           |   366|   363|   399|   416|   261|  1805
フォーカード         |    40|    36|    33|    55|    44|   208
ストレートフラッシュ |     0|     1|     0|     1|     1|     3
ロイヤルストレート   |     0|     0|     0|     0|     0|     0
---------------------+------+------+------+------+------+------
単純素点             |  1.24|  1.25|  1.24|  1.29|  1.19|
傾斜得点             |  1.86|  1.87|  1.24|  2.59|  2.38|  9.95

平均得点 :  9.949670
