10 41 26 50 29 33 31 21 22 20 47 36 25 6 44 38 15 28 51 13 7 43 9 0 1 46 11 34 5 4 45 18 39 19 17 24 40 2 32 3 37 49 23 35 8 42 27 12 16 14 48 30
28 2 6 27 12 43 23 9 25 37 1 42 45 19 49 7 34 17 31 3 46 36 14 0 38 33 4 40 51 39 26 8 15 11 24 20 30 47 5 35 32 29 13 16 48 22 10 21 41 18 44 50
46 13 12 7 5 9 45 48 3 4 37 44 17 16 20 42 26 40 25 29 18 36 8 21 28 38 24 14 6 2 33 10 11 22 31 32 47 35 27 39 0 49 51 41 50 1 19 34 43 15 30 23
41 8 26 3 48 51 24 22 1 2 40 43 12 18 47 15 17 33 5 10 45 30 13 32 42 20 25 36 31 35 39 29 0 49 46 21 34 11 7 4 50 9 44 28 38 27 14 16 6 37 19 23
51 38 16 42 37 15 27 34 0 21 24 41 19 25 7 1 13 20 4 32 40 36 23 35 18 11 47 48 43 12 31 45 28 30 5 22 39 26 50 10 29 8 14 49 17 44 46 6 2 3 9 33
17 3 8 31 10 1 18 37 38 0 25 33 48 4 13 28 5 40 14 39 50 12 24 6 45 29 20 47 51 35 9 42 41 22 36 44 7 23 16 21 43 11 26 27 30 32 46 2 49 19 34 15
20 23 8 45 42 2 48 5 29 39 10 3 46 27 35 18 21 13 0 51 9 30 36 38 28 24 49 16 26 4 44 22 31 33 32 17 14 43 15 11 50 41 19 25 40 47 7 12 34 37 1 6
21 2 4 7 42 19 39 27 0 23 45 38 10 6 12 44 11 17 14 51 40 43 3 37 13 15 49 33 30 18 46 31 24 9 16 41 28 34 47 32 1 48 36 35 50 29 26 25 5 22 20 8
6 45 49 42 39 21 18 41 31 19 9 20 26 48 7 51 34 50 14 29 40 12 0 25 44 13 3 15 23 43 8 38 32 35 30 47 37 4 5 33 36 1 24 28 11 27 2 17 46 10 22 16
0 5 18 34 26 15 35 21 23 41 11 29 38 45 7 46 32 47 48 43 9 31 24 1 33 19 39 3 27 51 16 25 10 42 40 6 2 13 50 4 22 37 28 20 14 30 44 8 17 36 12 49
9 12 14 48 30 8 32 49 50 29 13 11 39 38 40 1 51 42 6 36 37 2 16 25 43 10 24 34 45 33 22 0 47 5 3 41 21 23 46 20 26 19 44 27 17 7 18 31 15 28 4 35
37 25 30 43 6 17 4 19 3 5 16 44 41 46 9 14 27 20 23 40 7 26 51 11 45 48 28 13 2 38 39 18 49 10 34 1 31 32 29 24 15 0 8 21 22 36 33 12 47 35 42 50
29 13 18 19 41 43 40 45 14 23 0 47 37 24 9 17 48 28 8 22 16 1 2 21 20 39 15 10 5 4 3 25 30 27 6 7 36 32 50 49 26 34 12 33 31 11 35 42 44 51 46 38
18 28 40 19 39 47 1 29 35 37 41 36 23 27 4 7 42 25 12 26 17 34 45 44 2 22 9 6 48 13 43 24 0 20 16 32 5 3 31 30 49 21 50 15 11 51 46 33 14 8 10 38
32 0 35 45 47 49 11 44 9 20 41 26 38 28 18 12 2 51 48 50 23 3 22 17 43 42 24 6 40 46 5 27 8 7 1 37 19 29 14 21 4 31 16 25 30 39 34 13 36 15 33 10
31 45 36 2 41 0 48 27 20 37 19 10 26 32 3 42 9 43 7 18 15 13 16 11 44 46 23 21 38 47 5 8 1 25 34 24 39 49 14 30 40 28 22 17 4 12 51 29 6 50 35 33
37 17 45 14 25 39 26 30 49 28 32 43 50 51 3 19 18 42 35 46 0 5 9 4 31 11 40 24 13 10 38 48 47 36 29 16 15 2 6 41 23 22 20 7 8 33 21 12 34 27 44 1
49 2 35 6 36 7 45 30 17 39 19 40 18 5 43 21 16 28 11 22 3 9 13 25 31 44 4 50 10 33 38 26 0 24 48 41 20 32 37 42 47 46 23 51 1 15 8 27 14 12 29 34
1 3 11 26 28 27 33 10 38 16 18 34 13 12 48 0 22 25 46 39 29 15 30 45 21 14 36 4 37 51 32 5 47 49 42 8 31 41 9 43 35 6 20 2 44 19 17 50 23 7 24 40
34 24 17 26 10 0 14 22 12 39 50 20 18 11 27 49 6 40 16 21 37 38 2 29 31 9 46 47 30 15 41 33 23 32 25 5 19 28 42 7 13 51 8 3 4 1 43 48 44 35 45 36
25 20 14 17 26 43 44 47 29 3 19 11 49 16 36 2 35 51 28 23 10 50 22 46 48 13 30 5 40 37 39 21 27 24 0 4 8 6 31 38 18 41 32 33 45 12 34 9 15 7 1 42
39 41 10 12 14 24 15 16 0 1 11 29 47 2 30 49 35 43 50 7 4 5 21 36 32 8 46 22 9 20 37 17 31 26 40 33 45 42 25 51 27 19 44 48 34 13 3 18 6 38 23 28
45 2 23 21 46 14 40 37 6 36 5 38 31 25 48 27 29 42 12 20 34 47 11 49 18 33 30 13 17 0 39 43 19 50 8 32 16 1 35 41 10 24 51 26 28 15 7 9 3 22 44 4
10 27 51 14 4 46 43 50 42 32 0 28 36 20 17 2 39 41 26 22 16 11 30 18 40 25 44 12 49 5 19 45 13 47 35 33 21 34 7 37 48 38 29 31 6 1 3 15 8 24 23 9
22 38 41 42 3 31 26 34 48 10 9 50 36 1 49 5 17 46 39 2 35 8 37 12 18 32 51 13 47 29 45 27 16 0 4 20 11 24 7 30 43 40 44 33 21 28 6 23 19 14 25 15
48 34 25 49 35 21 22 1 38 8 5 15 28 46 47 12 32 40 27 36 37 7 41 3 14 6 50 16 23 11 33 39 13 30 43 31 19 44 20 45 42 29 17 51 26 0 9 10 4 2 18 24
40 1 41 39 28 14 31 4 5 21 33 7 44 22 13 42 15 36 30 10 35 19 18 32 37 20 47 26 9 49 29 48 6 50 46 24 45 34 38 12 43 16 17 23 8 11 51 3 27 2 25 0
16 15 4 20 22 19 40 35 31 47 44 42 17 14 6 2 36 38 7 45 37 48 33 0 39 30 3 41 51 32 34 8 23 26 25 5 24 9 49 11 46 29 21 1 27 18 10 28 43 12 50 13
42 36 18 17 15 33 46 51 1 14 48 9 39 27 3 30 41 12 31 0 6 7 26 22 23 35 5 45 40 34 10 2 43 21 29 32 38 13 44 37 4 25 50 24 11 28 8 19 47 16 49 20
26 51 31 40 14 20 12 0 33 7 45 28 36 48 18 15 43 23 47 6 10 8 3 24 35 38 19 50 39 16 46 32 34 42 49 27 25 17 29 9 22 4 1 5 44 41 13 37 30 11 21 2
6 20 21 47 45 42 46 49 40 29 10 48 3 15 19 0 22 41 34 8 17 23 14 4 37 27 9 24 28 44 50 13 26 16 43 32 39 12 7 36 35 2 5 18 38 31 51 25 1 30 11 33
8 6 51 44 22 29 15 1 20 17 43 38 30 24 16 21 28 35 14 47 37 34 23 48 36 25 27 19 46 42 45 32 13 7 10 12 18 39 0 31 3 50 49 26 41 4 5 40 2 33 11 9
26 4 22 29 13 25 31 28 24 12 6 18 33 50 48 8 27 3 2 42 36 23 32 1 39 17 19 38 30 45 21 34 11 44 0 40 41 9 37 49 10 14 47 7 43 5 20 16 51 35 15 46
51 0 50 24 27 8 42 20 17 22 48 16 29 14 30 12 34 41 3 44 49 36 39 11 46 13 21 10 23 37 15 25 38 31 5 47 7 43 45 26 2 19 4 35 28 18 1 9 40 33 6 32
10 45 24 32 47 35 15 42 34 9 2 8 30 19 16 1 20 26 50 51 38 7 44 12 31 17 39 14 36 29 11 41 4 13 49 3 48 43 25 27 28 46 23 37 0 6 22 21 18 5 40 33
0 13 32 44 2 3 33 37 50 29 14 40 41 23 51 7 5 45 27 20 28 4 43 30 42 47 19 9 11 49 46 34 22 18 12 16 48 6 10 39 15 8 21 31 36 26 1 17 24 25 38 35
19 29 39 30 41 9 25 12 37 10 38 44 45 35 15 11 16 5 17 0 27 36 2 1 6 22 34 18 51 21 46 42 50 48 24 13 14 26 20 31 49 32 3 43 33 28 40 8 47 7 23 4
25 45 44 33 47 12 49 7 27 2 13 29 32 34 46 17 1 22 51 0 39 20 36 23 19 31 43 24 48 38 3 10 37 26 6 41 21 8 50 35 4 9 40 11 16 14 30 18 28 15 5 42
39 1 9 44 17 36 20 12 4 23 48 45 5 38 37 32 3 22 42 50 29 25 28 15 7 8 6 34 35 40 24 21 18 27 31 11 30 13 26 46 41 19 33 0 14 16 43 49 47 10 2 51
12 23 24 2 36 32 37 13 31 27 19 29 50 45 40 28 46 1 39 0 20 38 4 35 17 16 18 43 49 5 10 30 14 7 22 42 34 6 44 9 21 25 11 3 47 8 15 26 48 51 33 41
19 27 14 17 0 16 4 41 3 34 25 22 29 11 36 20 7 13 42 48 49 39 31 24 15 12 46 38 2 5 33 23 8 47 6 50 26 28 35 43 30 10 9 45 37 51 40 21 44 1 18 32
26 2 13 8 51 40 22 44 42 21 23 6 0 24 3 30 48 35 5 16 33 11 50 46 34 47 36 41 17 4 18 29 27 45 15 39 32 31 10 12 43 38 19 1 49 7 9 28 14 25 20 37
23 49 35 17 25 1 22 30 10 27 39 32 16 51 6 18 3 7 20 29 43 24 44 5 42 2 50 13 33 15 37 9 46 19 21 12 48 38 34 8 11 4 28 45 36 41 31 0 47 26 14 40
33 6 4 48 16 26 32 13 14 36 23 47 15 7 5 8 34 38 3 46 41 45 9 12 43 19 29 24 37 40 44 42 2 10 49 25 11 28 17 31 20 50 30 0 27 21 22 35 1 51 39 18
5 11 35 26 36 24 43 4 46 13 47 12 41 37 51 2 29 17 50 40 19 30 0 3 20 45 42 39 48 6 1 28 18 44 7 15 38 34 25 8 9 27 10 32 16 33 23 31 21 49 14 22
14 39 9 0 28 4 3 17 43 50 29 12 37 45 8 25 13 19 21 35 11 40 38 5 33 16 22 36 15 7 44 41 46 2 27 48 10 42 31 24 23 6 26 1 47 51 20 30 32 49 18 34
47 16 48 23 26 25 14 0 37 31 32 21 41 1 30 42 3 2 6 4 38 28 27 45 17 50 15 49 10 20 9 46 34 12 33 7 13 43 8 44 40 11 29 5 18 24 35 36 51 39 19 22
32 1 48 49 16 46 39 3 35 15 7 31 17 9 12 51 11 2 42 44 36 30 4 8 40 24 33 27 41 43 14 10 18 6 20 19 23 37 13 5 21 45 38 29 26 34 0 47 50 25 28 22
11 36 47 27 38 4 40 19 14 22 39 32 23 21 46 10 17 48 43 28 30 26 6 31 25 37 2 42 33 3 45 18 13 41 1 9 35 5 24 12 29 34 51 20 8 44 16 49 7 50 0 15
14 9 13 22 8 16 44 2 3 42 34 26 45 1 40 30 41 21 25 4 24 39 10 32 43 50 35 15 7 6 36 18 20 33 28 12 29 48 47 27 31 37 17 11 49 23 51 5 0 38 19 46
33 38 15 43 28 8 51 44 50 24 10 40 9 42 12 21 3 11 48 19 6 17 16 30 1 41 23 31 46 27 14 29 26 2 35 7 32 20 34 49 5 4 13 25 45 37 22 36 18 39 47 0
30 35 22 24 32 46 1 12 38 15 39 49 21 50 2 40 13 34 31 11 33 3 4 0 47 41 10 28 29 17 19 44 48 6 18 14 9 5 20 26 25 8 7 16 51 37 36 45 42 43 27 23
13 47 23 43 45 50 6 9 49 25 38 10 24 32 39 40 8 11 5 26 33 20 22 14 16 2 37 48 51 28 17 18 1 42 41 31 27 36 7 4 21 30 19 3 34 44 0 29 35 12 46 15
1 12 44 45 4 11 7 31 14 27 39 43 17 36 19 28 8 20 47 40 32 23 29 38 30 33 2 0 3 9 25 42 22 37 34 21 24 48 6 18 49 13 15 10 35 51 26 41 50 16 46 5
26 47 1 11 24 3 40 33 27 25 45 20 44 2 35 5 18 29 28 16 41 23 34 12 49 43 19 4 31 46 0 6 9 38 15 7 39 8 42 48 22 32 13 37 17 10 21 14 36 50 30 51
18 4 51 1 9 37 15 16 14 42 10 35 5 38 26 44 2 21 40 23 46 36 22 45 29 11 31 7 34 39 49 8 17 50 30 48 6 33 28 41 12 19 20 27 47 13 32 25 3 43 0 24
8 1 50 43 34 15 17 30 33 28 14 29 11 6 40 25 9 35 26 10 41 39 4 7 44 3 42 32 45 36 18 51 13 37 49 27 0 19 48 38 23 2 21 24 5 12 16 20 22 47 46 31
12 40 29 41 11 10 34 2 8 14 27 23 21 19 1 33 5 31 18 4 39 35 45 51 16 22 48 28 47 7 50 15 17 9 43 37 24 46 49 13 30 25 6 20 26 36 32 0 3 38 44 42
4 6 0 51 19 36 7 47 46 3 34 43 14 35 13 12 32 44 10 31 30 18 39 5 8 16 38 11 15 40 1 24 26 9 29 42 50 2 37 21 28 49 27 23 45 41 25 20 17 22 48 33
11 27 45 26 15 5 33 0 46 36 24 43 7 3 35 14 12 29 41 10 17 22 9 50 13 49 2 28 30 47 40 20 32 37 31 48 25 18 39 1 16 19 8 51 42 6 44 23 4 34 38 21
21 23 17 32 45 43 2 13 35 11 47 37 15 49 48 5 18 44 31 8 4 50 51 36 14 34 25 30 29 3 40 10 46 28 39 24 33 38 16 9 0 27 7 42 26 41 19 22 1 12 20 6
32 44 36 6 1 34 50 42 19 30 15 51 0 8 26 38 46 47 43 9 27 12 5 17 21 29 22 2 37 48 4 49 16 41 18 33 35 11 14 20 45 10 7 28 40 3 39 23 31 25 13 24
25 8 28 48 44 32 49 30 35 10 4 41 22 21 1 51 39 43 50 9 23 19 12 31 26 42 38 13 5 11 17 6 2 33 24 46 3 47 27 40 29 34 20 37 15 36 45 18 14 0 7 16
37 16 17 28 11 21 22 47 38 43 13 2 10 3 9 12 27 15 8 5 39 32 7 18 0 6 40 30 36 50 19 26 49 31 14 25 44 35 51 24 4 41 20 46 1 29 33 42 45 23 34 48
15 4 42 22 37 12 47 46 33 13 6 9 1 35 29 14 20 19 43 2 26 24 30 8 39 3 28 32 40 36 0 44 45 25 16 23 48 38 5 50 27 34 41 18 7 11 10 21 31 49 17 51
6 33 21 17 44 51 30 39 50 47 28 12 15 26 8 32 14 37 3 16 49 45 9 23 40 46 19 25 0 2 7 29 35 36 13 1 11 34 43 48 24 10 5 22 4 38 41 27 20 42 31 18
8 35 45 25 26 41 14 3 47 16 11 21 34 6 24 13 2 31 15 43 0 12 28 44 19 7 51 36 50 27 37 46 30 17 23 32 4 9 10 42 22 5 39 20 40 1 29 49 38 18 48 33
50 9 13 10 48 24 40 1 0 21 33 12 28 4 41 44 5 14 19 46 45 37 18 17 42 22 7 31 8 35 30 16 38 32 15 26 47 25 11 20 43 6 36 23 39 51 2 34 27 49 3 29
16 40 37 25 9 15 11 26 33 5 17 29 31 6 32 48 42 10 45 18 34 39 14 30 35 47 49 3 7 44 0 36 50 13 19 24 12 2 21 51 8 41 20 22 23 43 28 38 46 4 1 27
2 8 44 32 51 38 14 39 22 33 27 34 25 15 5 35 18 29 6 17 30 13 23 48 45 4 40 21 47 49 42 50 11 31 26 0 41 3 9 12 28 7 1 16 24 46 43 36 20 10 19 37
17 13 31 24 26 47 18 46 34 19 41 1 16 23 33 10 43 36 45 29 28 22 15 20 4 9 49 5 6 7 37 8 0 40 44 25 50 21 12 14 51 39 32 35 30 48 3 42 27 2 38 11
51 16 21 36 11 47 2 44 20 14 27 49 28 41 34 8 45 7 25 9 42 40 29 13 0 26 50 38 22 48 43 23 5 33 46 6 39 17 1 18 3 15 30 37 10 4 35 19 12 32 24 31
2 36 40 29 45 34 7 27 49 38 19 23 8 35 1 30 46 37 0 12 22 11 48 26 15 50 43 24 44 20 39 14 5 32 18 41 17 16 28 33 51 9 3 13 10 47 21 4 25 6 31 42
49 22 11 32 3 37 14 48 47 24 15 4 12 35 19 27 31 51 44 46 0 29 45 25 9 33 7 1 40 38 34 30 10 23 2 18 16 21 41 50 20 28 8 13 6 36 43 26 42 39 5 17
2 24 13 36 45 19 29 46 51 28 44 47 7 16 15 31 30 50 38 23 9 25 41 10 8 18 39 17 5 40 43 37 27 34 22 21 49 20 32 3 0 4 42 14 33 11 1 6 26 12 35 48
39 4 15 23 7 32 21 50 24 16 20 9 18 30 35 5 26 28 27 38 2 31 46 3 36 19 8 45 43 29 13 17 1 40 25 37 47 0 12 42 11 14 49 48 10 33 51 34 22 44 41 6
12 46 18 37 31 16 5 14 7 41 38 13 33 43 27 42 32 26 36 30 24 29 2 15 21 23 49 10 48 25 0 34 8 50 22 51 3 45 17 19 28 20 1 47 6 9 40 4 11 35 39 44
33 49 51 9 10 25 5 17 48 19 37 40 7 18 31 29 30 27 26 44 14 36 39 32 16 11 0 23 20 35 50 2 13 21 43 38 8 4 24 12 34 42 3 41 6 47 45 28 22 15 1 46
30 26 1 8 35 44 33 6 18 23 50 27 3 31 37 28 16 49 15 7 5 12 43 20 40 42 2 39 36 24 51 34 21 41 0 14 4 19 25 22 48 38 9 10 46 11 29 13 17 45 32 47
46 37 24 41 3 34 39 11 10 32 36 43 51 29 40 5 1 6 12 35 2 30 13 47 26 4 14 38 8 15 33 21 31 42 27 17 9 7 22 18 28 16 23 20 0 50 25 19 44 45 49 48
41 3 28 48 32 18 24 46 49 2 12 36 20 50 35 25 37 13 45 7 33 8 44 34 4 27 19 5 22 29 14 26 23 43 40 21 51 30 39 47 11 38 6 1 10 0 16 9 15 42 17 31
15 24 27 12 0 1 41 3 6 42 11 49 31 21 45 5 25 39 51 9 43 7 36 18 17 37 30 8 32 28 35 4 46 10 22 40 29 26 14 50 19 16 44 33 20 48 47 23 13 2 34 38
8 3 23 24 49 27 47 15 11 48 42 30 17 25 22 35 31 37 51 28 9 20 13 36 5 44 4 14 46 45 40 39 21 10 41 26 0 7 33 1 2 6 16 50 18 34 19 38 29 43 12 32
19 15 32 0 25 16 24 4 43 11 30 51 39 22 38 2 44 8 41 12 37 23 5 20 50 40 29 47 45 27 34 13 6 33 9 36 7 42 10 14 18 3 31 48 21 49 26 35 46 28 17 1
34 16 43 9 11 26 19 17 18 7 12 25 4 31 8 5 29 42 50 13 23 20 28 37 32 1 38 21 6 30 36 48 51 14 15 3 41 27 24 35 2 44 39 10 47 33 0 46 49 45 40 22
33 36 32 3 38 12 51 44 18 50 4 26 45 0 15 29 30 23 39 17 40 11 37 27 13 28 10 19 49 41 7 21 9 25 42 47 46 14 22 2 6 31 16 43 48 24 1 8 5 35 34 20
5 34 38 48 21 20 41 33 12 2 42 1 28 24 37 10 44 49 0 32 35 39 27 45 29 23 46 19 18 4 14 22 26 3 30 11 9 6 8 50 43 7 25 31 16 15 40 13 36 17 51 47
5 11 28 43 14 22 19 46 20 8 10 40 9 37 26 3 33 15 27 13 50 49 21 12 4 51 23 18 42 24 39 29 31 41 45 36 35 47 2 1 16 7 17 48 38 6 34 44 32 0 30 25
7 17 34 5 37 29 45 15 1 11 10 0 41 23 40 3 13 36 26 31 24 16 51 42 50 27 19 28 22 43 6 9 18 4 2 8 38 25 20 14 48 44 21 35 46 39 30 49 47 12 32 33
23 19 46 43 51 41 45 11 14 12 39 4 28 27 18 21 20 34 44 0 50 9 8 5 38 33 42 26 36 30 16 10 49 22 13 24 17 31 3 1 29 15 47 25 48 2 6 32 35 40 7 37
34 42 25 1 38 10 13 40 50 5 51 19 12 8 3 32 27 49 15 4 41 17 29 23 31 0 20 30 26 18 16 48 11 47 36 14 43 35 46 45 6 39 22 7 28 44 2 24 33 21 37 9
15 47 21 48 11 39 46 42 10 49 40 33 18 26 3 23 16 19 12 30 8 2 50 43 41 22 27 17 36 13 14 35 24 25 9 45 34 37 38 0 5 6 28 32 31 51 44 20 1 29 4 7
9 1 46 48 11 24 47 12 42 26 10 4 41 36 23 33 44 16 18 7 20 37 49 13 51 40 28 15 3 39 31 21 5 2 35 19 8 25 0 50 45 34 32 38 30 29 22 43 17 14 27 6
19 37 3 24 48 18 41 14 36 1 46 50 51 20 28 25 45 5 33 16 15 49 32 40 44 21 17 31 38 34 6 0 10 26 9 2 43 30 35 8 12 42 29 7 47 27 11 23 22 13 4 39
25 14 34 28 37 9 15 18 19 31 50 22 16 17 47 6 11 46 44 0 8 48 7 1 39 30 41 38 4 27 43 26 36 13 2 12 20 29 42 32 5 40 23 21 3 10 45 33 49 51 24 35
8 17 2 41 42 44 15 10 22 39 13 0 6 9 21 31 16 20 51 27 32 26 48 1 40 4 7 19 36 30 49 50 43 47 18 12 23 5 14 11 29 24 3 34 46 35 25 28 33 45 37 38
30 31 38 48 47 10 21 28 0 19 2 7 25 15 6 22 8 4 34 41 45 18 36 33 1 35 40 5 20 24 9 17 14 32 12 3 51 27 43 44 42 26 39 29 16 11 37 13 46 50 49 23
31 10 19 44 11 1 16 6 21 46 34 9 18 45 14 40 23 7 39 17 41 37 51 8 5 32 43 3 24 4 48 2 0 12 36 50 28 25 35 26 27 38 33 29 22 47 13 15 49 20 42 30
36 42 20 22 17 26 50 13 25 29 8 18 34 28 44 15 35 27 6 32 16 38 39 3 5 40 0 11 7 12 2 49 41 1 45 21 10 19 9 43 30 51 47 24 14 4 33 23 48 37 31 46
43 24 8 27 21 33 1 29 42 51 11 39 36 35 9 46 44 48 5 45 26 17 10 13 20 16 3 23 14 19 31 22 7 34 12 18 0 6 38 47 50 30 15 49 37 2 25 40 32 4 28 41
