

        役名         | take1| take2| take3| take4| take5|  合計  
---------------------+------+------+------+------+------+------
ノーペア             | 16658| 16521| 16701| 16631| 17915| 84426
ワンペア             | 13787| 13819| 13740| 13648| 16720| 71714
ツーペア             |  4021|  4106|  3968|  4125|  4608| 20828
スリーカード         |  1579|  1551|  1555|  1549|  1761|  7995
ストレート           |   170|   166|   177|   184|   205|   902
フラッシュ           | 11276| 11350| 11289| 11358|  7068| 52341
フルハウス           |  2235|  2228|  2299|  2227|  1544| 10533
フォーカード         |   181|   169|   179|   189|   126|   844
ストレートフラッシュ |    82|    82|    84|    75|    50|   373
ロイヤルストレート   |    11|     8|     8|    14|     3|    44
---------------------+------+------+------+------+------+------
単純素点             |  7.42|  7.42|  7.44|  7.47|  5.12|
傾斜得点             | 11.14| 11.13|  7.44| 14.95| 10.25| 54.90

平均得点 :  54.898680
