31 12 27 22 0 48 50 16 30 26 37 29 34 36 5 6 19 20 49 10 32 13 38 51 44 47 11 33 15 24 3 8 28 2 41 39 45 42 25 35 23 46 9 43 40 21 14 4 18 1 7 17
29 23 8 25 42 35 2 30 26 12 47 20 15 44 31 16 10 51 0 33 9 43 32 40 48 17 7 49 18 39 45 14 24 27 46 36 50 6 41 19 34 11 28 21 13 5 22 3 38 37 4 1
42 38 8 19 34 7 32 41 5 36 31 50 2 43 33 30 1 22 10 29 17 16 0 9 47 44 39 3 35 4 21 11 25 49 20 51 23 48 12 18 45 27 15 6 46 13 24 14 37 40 26 28
6 26 1 17 43 16 20 39 9 18 5 19 30 10 13 38 31 49 36 33 3 4 35 34 24 23 29 51 32 21 8 14 42 15 45 25 46 11 22 28 7 47 2 48 27 40 50 0 37 44 12 41
45 17 38 10 2 20 37 51 12 40 50 0 27 22 44 18 16 9 28 1 46 3 32 29 30 8 47 48 43 35 26 14 23 7 36 31 6 34 33 25 19 41 24 39 13 49 11 4 5 21 15 42
29 0 24 11 19 34 23 39 51 43 26 48 38 49 27 18 32 45 16 4 20 15 25 44 1 33 14 5 3 37 28 30 42 8 46 13 41 12 47 21 2 7 9 17 31 50 10 6 22 40 36 35
29 38 24 37 5 30 20 10 8 40 14 3 15 35 46 47 32 51 18 45 6 31 50 0 44 9 27 42 4 39 11 34 49 48 21 41 2 17 13 19 23 43 1 16 28 36 12 26 22 25 33 7
51 21 1 16 25 7 14 36 31 29 15 0 13 27 30 8 6 26 28 47 12 37 22 43 3 42 45 50 19 4 23 35 17 32 46 24 20 40 11 44 34 2 9 33 41 10 18 39 38 49 5 48
50 20 51 17 27 8 9 3 43 12 25 10 11 39 49 23 26 19 44 28 1 21 2 42 16 47 36 38 34 35 0 29 33 46 5 48 4 15 31 22 18 6 37 30 32 14 40 7 24 13 41 45
22 35 25 29 43 0 30 49 8 45 13 20 28 23 44 41 24 50 9 26 11 46 2 31 3 5 39 4 15 19 16 51 48 32 37 34 36 1 10 27 6 12 47 17 7 42 14 38 33 18 21 40
50 2 43 15 37 42 26 45 32 33 5 23 9 41 22 19 34 31 6 39 1 40 18 44 4 0 49 10 7 51 8 29 16 3 14 13 30 28 25 47 36 17 38 24 35 27 12 48 20 46 21 11
4 37 27 51 21 42 19 50 10 20 28 14 32 18 35 30 29 26 6 34 38 3 25 8 1 5 47 23 33 12 22 44 11 48 0 9 15 2 41 45 39 31 49 46 16 17 7 13 24 36 43 40
9 29 7 18 14 38 43 49 47 39 1 27 23 5 6 8 51 20 4 0 30 44 13 45 16 25 10 34 17 46 48 41 32 37 50 19 24 15 22 31 33 40 28 3 11 21 35 42 36 12 26 2
8 23 7 39 42 49 15 44 35 11 5 37 33 21 3 24 36 31 28 46 9 18 27 4 40 2 32 0 51 12 17 43 10 14 30 6 13 34 16 47 29 22 41 19 45 25 1 38 50 48 26 20
43 42 44 5 22 28 14 47 24 33 1 49 17 8 46 45 6 21 10 51 48 7 16 39 11 50 34 23 29 35 41 20 15 37 30 38 19 27 25 40 36 32 9 26 12 2 4 0 13 3 18 31
18 13 6 43 20 8 40 33 1 17 51 4 11 10 7 32 39 9 48 47 37 15 0 22 28 30 45 21 34 14 36 23 12 16 41 46 44 38 19 24 49 31 2 25 42 29 50 27 26 5 35 3
46 8 42 24 15 6 17 31 13 49 39 35 29 14 33 18 48 32 45 41 12 11 1 21 36 38 51 16 27 0 25 2 19 26 44 5 3 9 7 37 40 23 30 20 4 22 47 28 10 43 34 50
41 16 35 5 22 4 38 24 14 47 19 6 18 30 25 15 3 51 37 20 46 17 33 44 40 28 42 21 11 48 1 49 36 26 8 29 12 31 13 45 7 23 9 10 0 43 2 50 27 34 39 32
42 29 44 37 12 35 34 41 36 26 19 6 14 31 51 30 11 48 27 39 32 47 16 4 45 10 7 23 15 38 28 43 3 22 21 25 18 20 50 24 2 49 17 8 13 0 9 5 1 46 33 40
25 19 17 44 41 13 12 35 10 28 26 49 23 22 42 16 32 15 45 33 20 14 0 8 43 47 46 9 50 37 34 36 1 27 7 18 51 30 2 24 40 11 5 3 38 31 4 48 6 29 39 21
9 22 27 45 7 38 49 16 2 24 42 37 36 28 35 17 15 30 5 26 50 40 14 18 34 31 20 19 44 32 43 3 41 23 1 33 11 12 4 39 6 13 8 51 46 21 0 29 47 10 48 25
44 50 29 32 9 37 4 16 8 18 39 11 46 22 24 25 38 34 13 43 31 14 41 6 7 15 10 19 2 28 40 3 51 35 23 21 30 1 12 26 45 5 47 20 0 49 27 17 36 48 42 33
21 48 35 36 23 38 26 4 25 28 1 30 24 27 22 31 8 37 9 2 51 41 40 10 18 6 16 13 19 29 15 39 7 5 14 12 44 11 32 45 43 49 0 33 47 3 34 46 42 50 20 17
51 16 7 44 43 39 50 26 0 14 22 18 25 13 27 30 35 42 47 34 4 20 5 32 45 49 28 41 38 29 9 46 1 12 21 19 3 24 10 31 48 6 36 37 33 2 23 15 17 40 8 11
38 0 29 5 2 36 50 46 47 9 28 23 49 45 44 8 34 12 32 31 33 17 20 14 48 21 39 16 30 25 41 13 22 51 7 3 4 42 37 15 18 6 24 26 10 27 43 35 19 11 1 40
14 45 21 15 17 46 0 24 29 10 40 30 13 48 34 7 20 35 16 36 37 38 11 42 5 44 23 9 22 49 27 50 47 33 51 3 19 31 8 43 2 12 28 18 39 26 25 6 32 4 41 1
45 22 31 43 39 1 35 2 46 16 14 42 24 47 34 37 7 28 5 3 20 44 21 30 0 36 11 19 23 12 4 51 33 49 8 6 50 41 9 32 29 10 17 40 25 27 38 18 15 26 13 48
30 18 12 21 50 49 5 7 47 13 9 25 22 32 37 41 1 51 2 43 23 6 27 3 38 10 11 4 33 44 29 19 0 42 8 36 28 45 20 40 17 16 15 34 14 31 39 24 26 35 46 48
42 25 9 35 50 13 43 11 38 34 49 26 41 2 28 1 16 30 24 47 12 51 29 36 3 20 23 46 6 18 22 14 32 37 17 4 8 21 0 40 31 48 15 33 5 45 44 10 7 39 27 19
34 42 29 20 24 44 40 37 50 35 41 13 0 7 2 26 4 23 33 51 48 6 21 46 31 14 8 38 45 17 32 39 49 11 30 18 27 25 36 9 16 19 5 47 10 28 3 22 43 1 15 12
5 28 15 33 49 24 11 36 16 21 42 50 7 0 26 30 47 17 18 45 35 40 22 23 48 19 41 2 37 32 12 34 27 10 13 46 25 4 8 6 9 43 1 51 39 31 29 44 3 14 38 20
27 32 40 38 51 14 36 18 41 11 16 21 0 48 6 35 31 17 12 22 37 13 39 43 1 46 49 24 33 2 8 34 20 7 3 47 28 10 45 25 15 44 23 29 42 50 19 9 26 4 5 30
20 43 19 27 1 36 32 6 11 38 16 18 14 25 13 22 39 12 15 41 24 31 33 10 40 37 26 28 34 17 46 47 21 9 8 29 4 30 51 45 35 44 50 48 49 7 42 0 2 5 23 3
27 18 37 13 29 14 44 42 23 3 24 49 41 17 48 51 47 32 6 20 15 26 31 35 1 40 45 22 30 2 28 36 8 33 16 12 21 34 0 46 38 39 10 5 50 7 9 4 11 43 19 25
20 21 39 27 1 51 7 24 8 25 12 26 34 38 11 10 15 4 33 6 48 17 2 22 32 43 5 46 28 3 13 9 44 30 41 16 50 45 36 0 31 14 47 42 40 37 19 18 35 29 49 23
1 33 22 15 35 38 19 43 36 32 18 27 20 42 31 13 2 0 39 12 50 9 41 34 37 49 40 4 51 29 10 28 44 46 30 8 17 48 21 25 26 3 14 23 11 16 5 24 45 7 6 47
41 20 42 34 13 22 46 16 27 0 50 30 36 40 33 21 38 28 10 26 4 8 44 49 3 5 2 47 51 11 1 6 12 24 31 29 32 35 19 25 37 45 18 9 39 15 48 23 17 14 7 43
15 38 5 17 45 13 36 1 47 44 34 42 19 41 4 39 48 2 40 32 7 9 33 28 29 46 31 25 0 16 11 10 30 24 51 12 18 27 35 43 50 8 14 22 37 21 3 49 6 23 20 26
47 25 41 17 33 38 16 9 31 40 27 12 19 20 29 34 5 39 28 8 3 37 49 30 15 0 14 42 36 10 45 7 46 4 43 35 21 18 23 24 6 13 26 48 22 51 50 11 2 32 44 1
15 49 22 37 41 34 8 32 33 16 18 39 2 25 35 19 23 38 40 4 46 0 9 11 10 14 50 36 20 21 17 47 48 29 5 42 3 12 44 24 7 27 26 51 6 43 30 13 28 45 31 1
23 40 48 46 20 34 1 8 2 37 51 32 43 50 9 45 16 7 21 39 42 3 28 29 25 17 5 24 0 15 10 19 38 13 4 18 31 14 22 26 35 30 41 6 49 11 12 36 44 47 33 27
19 41 20 9 43 32 17 27 40 47 22 1 49 50 28 2 35 16 0 26 31 36 30 33 23 21 5 6 39 46 24 18 13 14 11 48 8 4 45 42 34 25 29 44 12 7 10 51 37 15 3 38
17 6 3 8 18 5 23 31 29 47 19 41 28 27 0 46 15 26 43 40 2 49 32 22 44 34 11 7 14 4 13 39 48 38 50 24 37 1 35 9 12 51 36 30 45 25 33 10 42 16 21 20
30 21 22 4 35 20 27 16 34 51 13 2 46 31 39 32 14 17 23 42 28 48 9 45 0 12 49 50 26 43 24 1 3 29 10 19 41 40 38 47 5 33 7 44 15 37 11 6 36 18 8 25
0 23 43 11 28 36 22 44 30 38 26 33 10 5 20 24 2 27 1 49 19 45 37 3 48 47 21 12 8 35 39 18 41 31 7 46 17 50 14 13 34 4 32 42 25 40 15 16 51 6 29 9
47 27 8 26 29 15 34 22 1 40 38 11 44 31 16 13 20 42 30 18 12 24 46 45 3 14 33 9 10 17 4 25 19 0 35 39 37 28 41 5 32 49 2 43 48 6 50 23 21 36 51 7
18 20 3 15 19 2 30 41 7 47 46 8 16 24 48 11 22 17 31 43 49 25 9 50 5 45 12 40 13 36 42 32 28 1 14 26 37 27 21 29 51 35 44 33 4 34 23 38 39 0 6 10
7 22 39 45 1 46 13 36 28 51 49 20 23 6 19 43 33 35 8 25 5 30 27 18 4 10 3 17 34 2 0 38 48 12 31 42 32 47 37 40 41 11 16 26 9 50 44 29 24 14 21 15
9 5 50 21 48 38 2 31 32 37 41 27 4 35 23 40 1 16 24 36 20 26 34 10 49 11 18 12 3 47 7 25 46 22 44 33 42 45 15 43 30 39 28 14 29 0 13 8 51 19 6 17
27 24 0 34 22 30 23 4 38 37 33 32 36 35 20 43 7 13 40 51 49 47 3 42 48 16 11 15 28 14 45 17 50 12 2 25 21 9 5 39 29 19 18 10 41 31 8 46 1 26 6 44
17 0 8 45 29 18 47 13 37 51 30 3 32 33 21 25 36 39 24 23 49 44 5 40 2 10 38 46 35 34 12 43 14 7 42 48 16 41 26 50 19 28 1 15 27 9 22 4 20 31 6 11
23 49 18 22 50 10 33 24 40 34 9 4 44 38 7 47 48 27 28 13 17 29 42 5 19 0 36 3 1 11 8 41 31 25 2 12 16 15 20 39 35 37 46 45 51 30 6 43 32 14 26 21
