

        役名         | take1| take2| take3| take4| take5|  合計  
---------------------+------+------+------+------+------+------
ノーペア             | 21727| 21408| 21604| 21545| 23114|109398
ワンペア             | 11560| 11783| 11554| 11750| 13756| 60403
ツーペア             |  2362|  2469|  2387|  2413|  3085| 12716
スリーカード         |   953|   955|   945|  1007|  1158|  5018
ストレート           |  1387|  1358|  1362|  1292|  1064|  6463
フラッシュ           | 10125| 10226| 10222| 10184|  6428| 47185
フルハウス           |  1675|  1630|  1725|  1628|  1252|  7910
フォーカード         |   147|   121|   144|   132|   105|   649
ストレートフラッシュ |    58|    44|    48|    37|    35|   222
ロイヤルストレート   |     6|     6|     9|    12|     3|    36
---------------------+------+------+------+------+------+------
単純素点             |  7.13|  7.08|  7.16|  7.05|  4.99|
傾斜得点             | 10.69| 10.63|  7.16| 14.11|  9.98| 52.57

平均得点 :  52.570310
