

        役名         | take1| take2| take3| take4| take5|  合計  
---------------------+------+------+------+------+------+------
ノーペア             |  3651|  3713|  3662|  3760|  8697| 23483
ワンペア             | 18089| 18009| 17985| 17942| 22687| 94712
ツーペア             | 16190| 16064| 15935| 16175| 11501| 75865
スリーカード         |  5405|  5404|  5444|  5519|  3998| 25770
ストレート           |   173|   159|   150|   175|   152|   809
フラッシュ           |    10|    11|    18|    18|    29|    86
フルハウス           |  6046|  6223|  6372|  5953|  2730| 27324
フォーカード         |   428|   411|   428|   456|   202|  1925
ストレートフラッシュ |     6|     5|     4|     2|     4|    21
ロイヤルストレート   |     2|     1|     2|     0|     0|     5
---------------------+------+------+------+------+------+------
単純素点             |  4.50|  4.51|  4.58|  4.50|  2.81|
傾斜得点             |  6.75|  6.76|  4.58|  9.01|  5.61| 32.71

平均得点 :  32.712280
